Male
106449322
Female
101314780
TransGender
10418
Male
106449322
Female
101314780
TransGender
10418
Male
106449322
Female
101314780
TransGender
10418
Male
106449322
Female
101314780
TransGender
10418
Male
106449322
Female
101314780
TransGender
10418
Male
106449322
Female
101314780
TransGender
10418
Male
106449322
Female
101314780
TransGender
10418
Male
106449322
Female
101314780
TransGender
10418
Male
106449322
Female
101314780
TransGender
10418
Male
106449322
Female
101314780
TransGender
104343418
Male
106449322
Female
101314780
TransGender
104343418
Chrome
9
Mozilla
4
Opera
7
Explorer
8
Chrome
9
Mozilla
4
Opera
7
Explorer
8
Chrome
9
Mozilla
4
Opera
7
Explorer
8
Chrome
9
Mozilla
4
Opera
7
Explorer
8
Chrome
9
Mozilla
4
Opera
7
Explorer
8
Chrome
9
Mozilla
4
Opera
7
Explorer
8
Male
106449322
Female
101314780
TransGender
104343418
Chrome
9
Mozilla
4
Opera
7
Explorer
8
Chrome
9
Mozilla
4
Opera
7
Explorer
8
Chrome
9
Mozilla
4
Opera
7
Explorer
8
Male
106449322
Female
101314780
TransGender
104343418
4
5
6
8
5
6
2
3
4
5
6
8
5
6
2
3
4
5
6
8
5
6
2
3
Male
106449322
Female
101314780
TransGender
104343418
Chrome
9
Mozilla
4
Opera
7
Explorer
8
Chrome
9
Mozilla
4
Opera
7
Explorer
8
Male
106449322
Female
101314780
TransGender
104343418
4
5
6
8
5
6
2
3
Chrome
9
Mozilla
4
Opera
7
Explorer
8
Male
106449322
Female
101314780
TransGender
104343418
4
5
6
8
5
6
2
3
4
6
5
2
7
2019
4
5
6
4
9
2018
6
7
3
10
12
2017
4
6
5
2
7
2019
4
5
6
4
9
2018
6
7
3
10
12
2017
4
6
5
2
7
2019
4
5
6
4
9
2018
6
7
3
10
12
2017
4
6
5
2
7
2019
4
5
6
4
9
2018
6
7
3
10
12
2017
Chrome
9
Mozilla
4
Opera
7
Explorer
8
4
5
6
8
5
6
2
3
4
5
6
8
5
6
2
3
4
5
6
8
5
6
2
3
Male
106449322
Female
101314780
TransGender
104343418
4
5
6
8
5
6
2
3
Male
106449322
Female
101314780
TransGender
104343418
4
5
6
8
5
6
2
3
Male
106449322
Female
101314780
TransGender
104343418
4
5
6
8
5
6
2
3
4
5
6
8
5
6
2
3
Male
106449322
Female
101314780
TransGender
104343418
4
6
5
2
7
2019
4
5
6
4
9
2018
6
7
3
10
12
2017
Chrome
9
Mozilla
4
Opera
7
Explorer
8
20
25
35
20
2019
15
30
15
30
2018
25
35
10
10
2017
4
6
5
2
7
2019
4
5
6
4
9
2018
6
7
3
10
12
2017
4
6
5
2
7
2019
4
5
6
4
9
2018
6
7
3
10
12
2017
20
25
35
20
2019
15
30
15
30
2018
25
35
10
10
2017
20
25
35
20
2019
15
30
15
30
2018
25
35
10
10
2017
20
25
35
20
2019
15
30
15
30
2018
25
35
10
10
2017
8
7
2
2017
10
12
3
2018
15
18
5
2019
8
7
2
2017
10
12
3
2018
15
18
5
2019
8
7
2
2017
10
12
3
2018
15
18
5
2019
8
7
2
2017
10
12
3
2018
15
18
5
2019
8
7
2
2017
10
12
3
2018
15
18
5
2019
Male
106449
Female
121314
TransGender
94343
4
6
5
2
7
2017
4
5
6
4
9
2018
6
7
3
10
12
2019
25
35
20
2017
30
15
30
2018
35
10
10
2019
4
5
6
8
5
6
2
3
Male
106449
Female
121314
TransGender
94343
4
6
5
2
7
2017
4
5
6
4
9
2018
6
7
3
10
12
2019
Chrome
9
Mozilla
4
Opera
7
Explorer
8
25
35
20
2017
30
15
30
2018
35
10
10
2019
8
7
2
2017
10
12
3
2018
15
18
5
2019
4
5
6
8
5
6
2
3
Male
106449
Female
121314
TransGender
94343
4
6
5
2
7
2017
4
5
6
4
9
2018
6
7
3
10
12
2019
Chrome
9
Mozilla
4
Opera
7
Explorer
8
25
35
20
2017
30
15
30
2018
35
10
10
2019
8
7
2
2017
10
12
3
2018
15
18
5
2019
8
7
2
2017
10
12
3
2018
15
18
5
2019
Chrome
9
Mozilla
4
Opera
7
Explorer
8
8
7
2
2017
10
12
3
2018
15
18
5
2019
4
5
6
8
5
6
2
3
25
35
20
2017
30
15
30
2018
35
10
10
2019
4
6
5
2
7
2017
4
5
6
4
9
2018
6
7
3
10
12
2019
4
5
6
8
5
6
2
3
4
5
6
8
5
6
2
3
4
5
6
8
5
6
2
3
4
5
6
8
5
6
2
3
